3 0.286458 0.221296 0.03125 0.30463
3 0.693229 0.205556 0.0442708 0.410185
2 0.491667 0.207407 0.444792 0.411111
9 0.841146 0.403704 0.0395833 0.0787037
9 0.746354 0.392593 0.0427083 0.0546296
8 0.164063 0.336111 0.0255208 0.037037
8 0.229687 0.333333 0.0208333 0.0444444
4 0.473958 0.0944444 0.0447917 0.0731481
1 0.0078125 0.696296 0.0161458 0.230556
7 0.189583 0.233333 0.120313 0.375
7 0.773438 0.268519 0.198437 0.512037
6 0.473438 0.297222 0.188021 0.325
1 0.108854 0.364815 0.0145833 0.0268519
