8 0.253125 0.284259 0.0234375 0.0435185
8 0.216146 0.336111 0.0276042 0.0398148
9 0.81875 0.262037 0.0265625 0.0435185
9 0.840104 0.310185 0.0151042 0.0416667
2 0.946354 0.284259 0.10625 0.362037
2 0.130729 0.290741 0.261979 0.451852
3 0.904687 0.272222 0.0229167 0.30463
3 0.234375 0.255556 0.0244792 0.298148
4 0.11875 0.151852 0.0390625 0.0925926
4 0.0536458 0.260185 0.01875 0.062963
1 0.891667 0.34537 0.0130208 0.025
0 0.870313 0.308333 0.0359375 0.0824074
7 0.232813 0.233333 0.113021 0.413889
1 0.786458 0.37037 0.0484375 0.0898148
7 0.827604 0.232407 0.0911458 0.373148
10 0.461458 0.25 0.0755208 0.14537
6 0.105729 0.394444 0.182812 0.410185
