2 0.305208 0.249074 0.1875 0.205556
3 0.221354 0.252778 0.021875 0.207407
3 0.390625 0.225 0.0166667 0.164815
4 0.663021 0.183333 0.0177083 0.0324074
4 0.695833 0.218519 0.00729167 0.0259259
3 0.965104 0.275 0.0296875 0.389815
11 0.565625 0.239815 0.0171875 0.0787037
1 0.195833 0.337037 0.0234375 0.0398148
1 0.620313 0.285185 0.0203125 0.0361111
7 0.657813 0.123148 0.0515625 0.169444
1 0.314583 0.317593 0.0265625 0.0527778
1 0.373437 0.288889 0.0192708 0.0324074
6 0.672917 0.266667 0.0911458 0.147222
10 0.536458 0.243519 0.0588542 0.100926
2 0.978125 0.291667 0.04375 0.35
