3 0.273438 0.24537 0.0239583 0.182407
3 0.08125 0.302778 0.0276042 0.243519
2 0.173437 0.292593 0.216667 0.273148
4 0.596354 0.160185 0.0260417 0.0435185
4 0.641667 0.203704 0.0078125 0.037037
9 0.311979 0.309259 0.01875 0.0277778
9 0.300521 0.284259 0.0109375 0.0259259
1 0.0598958 0.398148 0.0234375 0.0472222
1 0.256771 0.317593 0.0203125 0.0398148
1 0.356771 0.316667 0.0296875 0.0546296
11 0.475 0.244444 0.0203125 0.0935185
7 0.328646 0.187963 0.117188 0.34537
1 0.161458 0.378704 0.0307292 0.0601852
6 0.607812 0.269444 0.120313 0.197222
10 0.434896 0.25463 0.0703125 0.123148
