8 0.0265625 0.389815 0.0359375 0.0675926
8 0.0984375 0.319444 0.0302083 0.0555556
9 0.546875 0.275 0.0151042 0.0259259
9 0.579167 0.27037 0.015625 0.0268519
4 0.843229 0.161111 0.0328125 0.0657407
4 0.898958 0.234259 0.0104167 0.0518519
2 0.380208 0.236111 0.270313 0.239815
3 0.505208 0.213889 0.0192708 0.198148
3 0.256771 0.237037 0.0255208 0.243519
1 0.240104 0.32963 0.0244792 0.0453704
11 0.738542 0.256481 0.0359375 0.110185
1 0.484375 0.286111 0.0234375 0.0398148
1 0.323958 0.337037 0.0348958 0.0638889
7 0.0791667 0.35 0.157812 0.430556
10 0.68125 0.253704 0.0786458 0.147222
7 0.561458 0.166667 0.127604 0.321296
6 0.857292 0.330556 0.153646 0.282407
11 0.914583 0.296296 0.0359375 0.125926
