4 0.550521 0.166667 0.021875 0.0388889
4 0.590625 0.20463 0.0046875 0.0277778
2 0.144792 0.305556 0.196875 0.281481
3 0.059375 0.321296 0.0234375 0.250926
3 0.235937 0.258333 0.0161458 0.177778
3 0.939063 0.265741 0.028125 0.408333
1 0.217708 0.32963 0.0234375 0.0398148
1 0.040625 0.418519 0.0234375 0.0435185
1 0.326042 0.323148 0.0286458 0.0490741
6 0.558333 0.258333 0.109896 0.182407
1 0.150521 0.384259 0.0286458 0.0564815
10 0.388542 0.256481 0.0640625 0.121296
2 0.959896 0.27963 0.0802083 0.382407
11 0.421354 0.248148 0.009375 0.0814815
