3 0.435937 0.206481 0.0229167 0.257407
3 0.730729 0.225926 0.0203125 0.228704
2 0.585417 0.209259 0.318229 0.271296
8 0.753125 0.252778 0.0171875 0.025
8 0.766146 0.24537 0.009375 0.0212963
4 0.854688 0.210185 0.0317708 0.062963
4 0.853646 0.14537 0.00989583 0.0601852
9 0.222396 0.272222 0.0265625 0.062963
9 0.176042 0.307407 0.0208333 0.05
1 0.0385417 0.464815 0.0151042 0.0601852
1 0.125521 0.37037 0.0234375 0.0435185
11 0.0182292 0.405556 0.0359375 0.397222
7 0.203125 0.239815 0.130729 0.386111
6 0.902083 0.355556 0.154688 0.375
7 0.757813 0.175926 0.0567708 0.330556
