3 0.547396 0.224074 0.0182292 0.15
3 0.384896 0.225 0.0255208 0.185185
2 0.461458 0.226852 0.188542 0.183333
4 0.790104 0.211111 0.0161458 0.0314815
4 0.817708 0.246296 0.00729167 0.025
8 0.258854 0.283333 0.0572917 0.0722222
1 0.530208 0.277778 0.0161458 0.0268519
1 0.357292 0.297222 0.0203125 0.0324074
1 0.473438 0.29537 0.0234375 0.0435185
7 0.717708 0.184259 0.0567708 0.286111
10 0.678646 0.255556 0.0505208 0.0972222
6 0.799479 0.289815 0.0838542 0.136111
7 0.269271 0.298148 0.150521 0.550926
11 0.833854 0.278704 0.03125 0.100926
