8 0.372917 0.257407 0.0328125 0.0527778
2 0.0854167 0.315741 0.171354 0.366667
2 0.888542 0.267593 0.221875 0.453704
3 0.79375 0.231481 0.0265625 0.30463
3 0.154688 0.273148 0.0229167 0.281481
4 0.547917 0.217593 0.0119792 0.0240741
4 0.528646 0.187963 0.00989583 0.0314815
1 0.988021 0.497222 0.0223958 0.108333
6 0.423958 0.250926 0.0661458 0.150926
1 0.378125 0.249074 0.0276042 0.0398148
1 0.444792 0.298148 0.0192708 0.0398148
11 0.423438 0.250926 0.0671875 0.152778
6 0.550521 0.25463 0.0786458 0.160185
7 0.375 0.196296 0.0973958 0.376852
10 0.670833 0.264815 0.167187 0.293519
