2 0.210938 0.282407 0.422396 0.564815
3 0.405208 0.0601852 0.021875 0.122222
8 0.65 0.27037 0.0411458 0.0592593
8 0.705208 0.253704 0.0359375 0.0472222
9 0.228125 0.334259 0.0463542 0.0694444
9 0.2 0.397222 0.0369792 0.0518519
4 0.961979 0.233333 0.0140625 0.0490741
4 0.990625 0.287963 0.0125 0.0388889
1 0.807813 0.319444 0.0234375 0.0435185
1 0.832812 0.34537 0.0317708 0.0564815
6 0.963542 0.355556 0.0734375 0.206481
11 0.351563 0.259259 0.151562 0.467593
7 0.670833 0.242593 0.148438 0.456481
7 0.234896 0.268519 0.0984375 0.525
