9 0.948958 0.317593 0.0197917 0.037037
9 0.98125 0.339815 0.025 0.0388889
4 0.763542 0.176852 0.0239583 0.0425926
8 0.583854 0.284259 0.0270833 0.0407407
8 0.620833 0.219444 0.0203125 0.0342593
2 0.830729 0.262963 0.3375 0.37037
3 0.677604 0.214815 0.01875 0.262963
3 0.991146 0.302778 0.0166667 0.300926
3 0.0130208 0.376852 0.0270833 0.372222
2 0.0395833 0.365741 0.0796875 0.407407
0 0.764583 0.293519 0.0984375 0.202778
7 0.955208 0.283333 0.0890625 0.341667
7 0.615104 0.2 0.123438 0.341667
1 0.834375 0.359259 0.0348958 0.0638889
6 0.763021 0.292593 0.104688 0.191667
1 0.738542 0.473148 0.0942708 0.167593
11 0.171875 0.35463 0.217188 0.597222
1 0.364583 0.762037 0.217188 0.369444
