3 0.530729 0.205556 0.0265625 0.24537
3 0.794792 0.243519 0.0192708 0.221296
2 0.661979 0.216667 0.291667 0.264815
8 0.651042 0.273148 0.0302083 0.0361111
8 0.683333 0.247222 0.0296875 0.0407407
9 0.274479 0.32963 0.0244792 0.0333333
9 0.254167 0.282407 0.0270833 0.0425926
4 0.704167 0.185185 0.0192708 0.0361111
1 0.514583 0.301852 0.0265625 0.0472222
1 0.0375 0.478704 0.0453125 0.10463
1 0.595833 0.307407 0.0317708 0.0527778
7 0.663021 0.188889 0.126562 0.358333
7 0.2875 0.222222 0.145313 0.356481
10 0.959375 0.325 0.0734375 0.169444
6 0.708333 0.282407 0.0734375 0.149074
