8 0.0432292 0.35463 0.025 0.0546296
8 0.021875 0.418519 0.0260417 0.0472222
9 0.669271 0.255556 0.0270833 0.0472222
9 0.707292 0.288889 0.03125 0.05
2 0.8625 0.27037 0.274479 0.462963
2 0.0369792 0.3 0.0744792 0.385185
3 0.739062 0.207407 0.0223958 0.301852
3 0.0572917 0.303704 0.0270833 0.342593
11 0.630208 0.235185 0.0598958 0.234259
1 0.541146 0.347222 0.0536458 0.0972222
7 0.691146 0.197222 0.0932292 0.386111
7 0.0375 0.35 0.0755208 0.389815
1 0.614062 0.337963 0.0484375 0.0805556
10 0.266146 0.268519 0.0786458 0.160185
