4 0.355729 0.202778 0.0182292 0.0324074
4 0.327604 0.237963 0.0078125 0.0231481
2 0.314063 0.251852 0.248438 0.24537
3 0.430208 0.227778 0.0197917 0.197222
3 0.20625 0.260185 0.0296875 0.237037
8 0.836458 0.34537 0.078125 0.106481
8 0.644792 0.337037 0.0588542 0.1
9 0.0244792 0.392593 0.01875 0.0333333
11 0.788542 0.297222 0.0328125 0.0972222
1 0.197917 0.355556 0.0265625 0.0472222
7 0.0494792 0.333333 0.0973958 0.339815
1 0.267708 0.338889 0.0265625 0.0490741
1 0.515625 0.463889 0.0984375 0.176852
7 0.732292 0.321296 0.367188 0.615741
10 0.594792 0.251852 0.0755208 0.130556
6 0.356771 0.280556 0.0734375 0.134259
