2 0.760938 0.358333 0.477604 0.714815
3 0.543229 0.206481 0.0328125 0.405556
3 0.090625 0.344444 0.0291667 0.165741
2 0.0484375 0.325926 0.0979167 0.294444
8 0.115104 0.311111 0.0260417 0.0342593
8 0.0744792 0.326852 0.0177083 0.0351852
4 0.165104 0.228704 0.0286458 0.0546296
4 0.168229 0.165741 0.015625 0.062037
6 0.394792 0.248148 0.0703125 0.130556
1 0.118229 0.309259 0.0223958 0.0361111
7 0.0984375 0.296296 0.0796875 0.356481
10 0.480729 0.235185 0.114062 0.441667
6 0.228125 0.330556 0.150521 0.347222
