3 0.105729 0.288889 0.0239583 0.243519
2 0.0588542 0.319444 0.118229 0.307407
2 0.692187 0.176852 0.182292 0.321296
4 0.388542 0.198148 0.0104167 0.0231481
4 0.405729 0.217593 0.009375 0.0212963
9 0.645833 0.356481 0.0375 0.0657407
9 0.601042 0.268519 0.0385417 0.0574074
7 0.748958 0.0342593 0.0473958 0.0472222
6 0.296354 0.261111 0.0619792 0.119444
11 0.295312 0.260185 0.0619792 0.125
1 0.319271 0.296296 0.0161458 0.0324074
6 0.408333 0.24537 0.0723958 0.132407
10 0.498958 0.243519 0.109896 0.197222
7 0.61875 0.237037 0.142187 0.443519
11 0.784375 0.276852 0.161979 0.439815
