2 0.736458 0.244444 0.171354 0.284259
3 0.798958 0.238889 0.0255208 0.277778
3 0.66875 0.225926 0.0213542 0.192593
3 0.0697917 0.307407 0.0401042 0.355556
3 0.221354 0.236111 0.028125 0.222222
2 0.143229 0.281481 0.190625 0.406481
8 0.331771 0.267593 0.0151042 0.0259259
8 0.303125 0.290741 0.0171875 0.0277778
4 0.277083 0.22037 0.0171875 0.0333333
4 0.298438 0.175 0.00729167 0.0416667
11 0.6 0.25 0.0359375 0.143519
10 0.359375 0.259259 0.0536458 0.102778
7 0.328646 0.177778 0.0692708 0.326852
6 0.260417 0.312963 0.107813 0.217593
