8 0.448437 0.230556 0.028125 0.0361111
8 0.398438 0.239815 0.0270833 0.037037
9 0.193229 0.337037 0.0203125 0.037963
2 0.0942708 0.337963 0.189583 0.565741
3 0.166146 0.258333 0.0322917 0.402778
7 0.179688 0.257407 0.0578125 0.367593
11 0.611458 0.24537 0.0484375 0.215741
10 0.879167 0.293519 0.0973958 0.200926
1 0.485417 0.159259 0.0744792 0.117593
11 0.267188 0.273148 0.0796875 0.225
1 0.56875 0.298148 0.0296875 0.0509259
6 0.767188 0.30463 0.124479 0.249074
7 0.429167 0.190741 0.106771 0.369444
4 0.773958 0.153704 0.0328125 0.0592593
