8 0.0510417 0.400926 0.0171875 0.0342593
8 0.0614583 0.348148 0.0166667 0.025
3 0.804167 0.237963 0.0567708 0.458333
3 0.228125 0.212963 0.0244792 0.367593
2 0.521354 0.231481 0.622396 0.459259
4 0.307812 0.0814815 0.0546875 0.087037
7 0.978646 0.337963 0.0421875 0.419444
1 0.0541667 0.402778 0.0192708 0.0361111
1 0.0625 0.34537 0.0171875 0.0324074
7 0.0526042 0.29537 0.0578125 0.306481
1 0.834375 0.427778 0.0630208 0.115741
6 0.31875 0.312963 0.217188 0.441667
1 0.01875 0.428704 0.00989583 0.0416667
