4 0.861979 0.135185 0.0401042 0.0768519
4 0.934896 0.227778 0.0109375 0.0537037
8 0.472917 0.287037 0.0223958 0.0333333
2 0.201563 0.27963 0.278125 0.343519
3 0.330208 0.227778 0.0234375 0.243519
3 0.83125 0.200926 0.03125 0.300926
2 0.905208 0.265741 0.189062 0.446296
1 0.547917 0.288889 0.0692708 0.128704
1 0.681771 0.319444 0.0328125 0.0564815
7 0.507292 0.182407 0.120313 0.352778
1 0.151042 0.687963 0.132813 0.286111
11 0.0453125 0.375 0.0911458 0.397222
6 0.873437 0.347222 0.179688 0.365741
1 0.622396 0.288889 0.0166667 0.0314815
