9 0.365625 0.27037 0.0265625 0.0407407
9 0.407813 0.269444 0.0270833 0.0342593
8 0.834896 0.296296 0.0291667 0.0407407
8 0.873437 0.32037 0.021875 0.0351852
2 0.863542 0.249074 0.271875 0.357407
3 0.748437 0.222222 0.0296875 0.293519
4 0.942708 0.230556 0.0229167 0.0481481
1 0.0354167 0.443519 0.0307292 0.0675926
1 0.726563 0.332407 0.0328125 0.0675926
7 0.864583 0.225926 0.103646 0.360185
1 0.689583 0.42963 0.0807292 0.141667
6 0.936458 0.35 0.0921875 0.206481
7 0.413021 0.205556 0.166146 0.393519
