8 0.305729 0.301852 0.0213542 0.0351852
8 0.336458 0.303704 0.021875 0.037037
2 0.116146 0.301852 0.214583 0.338889
2 0.838021 0.247222 0.323437 0.483333
3 0.210417 0.255556 0.0208333 0.236111
3 0.688021 0.17037 0.0234375 0.271296
4 0.784896 0.191667 0.0109375 0.0537037
4 0.716667 0.121296 0.0395833 0.0657407
11 0.0125 0.416667 0.0255208 0.382407
1 0.322917 0.20463 0.0442708 0.075
7 0.321875 0.192593 0.0890625 0.369444
6 0.728646 0.297222 0.164063 0.30463
1 0.542188 0.305556 0.0307292 0.0527778
1 0.144792 0.650926 0.119271 0.260185
1 0.482292 0.282407 0.0166667 0.0333333
