8 0.254688 0.286111 0.0244792 0.0361111
8 0.219271 0.328704 0.0276042 0.037963
9 0.935937 0.346296 0.0291667 0.0740741
9 0.995313 0.350926 0.00833333 0.0703704
2 0.895312 0.288889 0.208854 0.389815
2 0.109896 0.311111 0.220833 0.425926
3 0.195833 0.246296 0.0338542 0.291667
3 0.809896 0.232407 0.0192708 0.285185
4 0.125 0.163889 0.0302083 0.0759259
4 0.0708333 0.257407 0.0171875 0.0555556
7 0.942708 0.339815 0.114062 0.484259
0 0.786458 0.280556 0.0359375 0.0787037
7 0.248958 0.225 0.115104 0.389815
1 0.607812 0.246296 0.0536458 0.0842593
11 0.716146 0.256481 0.0526042 0.20463
10 0.397917 0.252778 0.0734375 0.132407
6 0.103646 0.377778 0.164063 0.373148
