2 0.827083 0.260185 0.165625 0.3
2 0.216146 0.255556 0.217188 0.42963
3 0.753125 0.237037 0.01875 0.196296
3 0.886458 0.257407 0.0265625 0.29537
3 0.307292 0.207407 0.0166667 0.191667
3 0.127083 0.256481 0.0317708 0.402778
4 0.355208 0.207407 0.0197917 0.0296296
4 0.380208 0.161111 0.0109375 0.0435185
0 0.7375 0.274074 0.0265625 0.062037
11 0.691146 0.257407 0.0359375 0.137963
10 0.448437 0.249074 0.0484375 0.0972222
7 0.415625 0.167593 0.0578125 0.306481
6 0.335938 0.291667 0.118229 0.221296
8 0.423958 0.253704 0.0125 0.0259259
8 0.401562 0.276852 0.0130208 0.0212963
