8 0.0140625 0.351852 0.0276042 0.0657407
4 0.780729 0.211111 0.015625 0.0305556
4 0.809375 0.244444 0.00729167 0.0259259
3 0.532813 0.221296 0.0151042 0.155556
3 0.367708 0.228704 0.021875 0.187037
2 0.445833 0.22963 0.189062 0.187963
1 0.0125 0.488889 0.0234375 0.0675926
1 0.341667 0.301852 0.0234375 0.0361111
11 0.7 0.257407 0.0171875 0.0861111
1 0.516146 0.278704 0.0203125 0.0324074
7 0.0411458 0.375926 0.0828125 0.337963
7 0.785937 0.162963 0.0359375 0.137963
1 0.458333 0.298148 0.0255208 0.0435185
6 0.788542 0.292593 0.0848958 0.134259
10 0.667188 0.25463 0.0515625 0.0953704
11 0.828646 0.27963 0.0265625 0.113889
