8 0.192708 0.266667 0.0453125 0.0722222
8 0.107813 0.268519 0.0322917 0.0703704
2 0.0265625 0.339815 0.0541667 0.319444
2 0.780729 0.244444 0.438021 0.472222
9 0.923438 0.453704 0.0661458 0.112963
9 0.982292 0.342593 0.0348958 0.0796296
3 0.583854 0.169444 0.0265625 0.318519
3 0.040625 0.325926 0.0286458 0.290741
4 0.647396 0.108333 0.04375 0.0740741
4 0.721354 0.180556 0.00833333 0.0564815
7 0.917188 0.35 0.163021 0.567593
7 0.154167 0.29537 0.163021 0.475
6 0.661458 0.286111 0.172396 0.328704
