4 0.790104 0.212037 0.0197917 0.037037
4 0.818229 0.246296 0.00625 0.0240741
8 0.414063 0.237963 0.0567708 0.0861111
8 0.365625 0.274074 0.0442708 0.0583333
2 0.4875 0.216667 0.133854 0.162037
3 0.545312 0.223148 0.0197917 0.153704
11 0.83125 0.275 0.0359375 0.100926
1 0.53125 0.277778 0.0161458 0.0268519
11 0.7125 0.257407 0.0192708 0.0824074
10 0.684896 0.256481 0.0442708 0.0916667
7 0.667708 0.175926 0.0828125 0.310185
1 0.472917 0.296296 0.0234375 0.0398148
7 0.398438 0.24537 0.176563 0.458333
6 0.798958 0.289815 0.0859375 0.137963
