2 0.456771 0.228704 0.196875 0.187963
3 0.546875 0.222222 0.0177083 0.149074
3 0.378646 0.225 0.0229167 0.185185
8 0.688021 0.252778 0.0197917 0.0296296
8 0.645833 0.247222 0.0208333 0.0305556
4 0.790104 0.210185 0.0203125 0.0342593
4 0.818229 0.246296 0.0078125 0.025
1 0.356771 0.297222 0.0223958 0.0361111
1 0.53125 0.277778 0.0171875 0.0287037
11 0.831771 0.277778 0.0390625 0.106481
11 0.710938 0.256481 0.0223958 0.0824074
10 0.677604 0.257407 0.0484375 0.0842593
1 0.473958 0.29537 0.0234375 0.0435185
6 0.798438 0.291667 0.0828125 0.130556
7 0.160938 0.332407 0.254688 0.575
7 0.671875 0.17037 0.0984375 0.330556
1 0.331771 0.421296 0.0734375 0.136111
