2 0.436979 0.225926 0.561979 0.452778
4 0.186979 0.143519 0.0328125 0.0842593
4 0.250521 0.199074 0.0166667 0.0583333
9 0.467708 0.232407 0.0213542 0.0592593
9 0.438021 0.309259 0.0505208 0.075
3 0.692187 0.223148 0.046875 0.448148
3 0.175 0.230556 0.0244792 0.284259
8 0.0348958 0.343519 0.0203125 0.0435185
8 0.00520833 0.353704 0.0109375 0.0425926
1 0.365104 0.324074 0.0682292 0.112037
7 0.434375 0.25 0.203646 0.469444
7 0.0296875 0.359259 0.0598958 0.369444
6 0.216667 0.331481 0.175521 0.35463
