3 0.409896 0.216667 0.0182292 0.212037
3 0.553646 0.193519 0.0265625 0.312037
2 0.484896 0.190741 0.16875 0.321296
9 0.539063 0.361111 0.0442708 0.0611111
9 0.494271 0.280556 0.0213542 0.0564815
8 0.0713542 0.373148 0.0109375 0.0259259
8 0.0875 0.337037 0.0125 0.0212963
4 0.0171875 0.269444 0.0109375 0.0527778
4 0.00208333 0.330556 0.0046875 0.0481481
10 0.982812 0.283333 0.0317708 0.180556
1 0.101563 0.175 0.0234375 0.0509259
7 0.513542 0.223148 0.189062 0.360185
6 0.0213542 0.426852 0.0432292 0.276852
7 0.0838542 0.280556 0.0598958 0.271296
10 0.110417 0.321296 0.0442708 0.102778
1 0.0651042 0.202778 0.0223958 0.0472222
11 0.335938 0.256481 0.0390625 0.152778
