2 0.8125 0.252778 0.374479 0.493519
2 0.0338542 0.336111 0.0682292 0.330556
4 0.708333 0.107407 0.0432292 0.0768519
4 0.786458 0.184259 0.0119792 0.0574074
8 0.627604 0.222222 0.0317708 0.0638889
8 0.74375 0.225 0.0119792 0.025
9 0.204167 0.272222 0.0473958 0.0916667
9 0.0828125 0.493519 0.0338542 0.0796296
6 0.370312 0.233333 0.0380208 0.0787037
7 0.735938 0.208333 0.292187 0.415741
7 0.158333 0.313889 0.292187 0.519444
10 0.925521 0.328704 0.145313 0.332407
6 0.723437 0.306481 0.192188 0.347222
