3 0.792188 0.214815 0.0416667 0.412037
3 0.305729 0.175 0.0359375 0.285185
2 0.54375 0.207407 0.526563 0.412037
9 0.884896 0.371296 0.0432292 0.0777778
9 0.816667 0.278704 0.046875 0.062963
8 0.159375 0.285185 0.0239583 0.0388889
8 0.126042 0.299074 0.0234375 0.037963
4 0.345833 0.123148 0.0442708 0.0675926
4 0.414063 0.177778 0.0151042 0.0527778
11 0.0697917 0.306481 0.0328125 0.117593
6 0.0947917 0.332407 0.0369792 0.130556
7 0.144792 0.264815 0.0848958 0.389815
7 0.841146 0.272222 0.166146 0.471296
6 0.36875 0.291667 0.168229 0.306481
1 0.730208 0.672222 0.178646 0.306481
