3 0.616146 0.190741 0.0453125 0.335185
3 0.984896 0.327778 0.0296875 0.560185
2 0.796354 0.306481 0.40625 0.600926
4 0.317188 0.22037 0.0130208 0.025
4 0.295312 0.190741 0.0135417 0.0333333
8 0.107813 0.328704 0.0171875 0.0287037
8 0.120313 0.318519 0.0130208 0.0296296
1 0.20625 0.336111 0.0203125 0.0546296
1 0.939583 0.478704 0.0723958 0.132407
6 0.323958 0.268519 0.0953125 0.180556
7 0.117708 0.262963 0.0765625 0.306481
10 0.497917 0.252778 0.220312 0.380556
11 0.177083 0.294444 0.0671875 0.180556
