8 0.7625 0.264815 0.0375 0.0703704
8 0.716667 0.328704 0.0354167 0.0694444
2 0.104167 0.316667 0.20625 0.291667
3 0.198958 0.264815 0.0234375 0.189815
3 0.01875 0.334259 0.028125 0.242593
4 0.142187 0.252778 0.0166667 0.0324074
4 0.11875 0.291667 0.00625 0.0231481
1 0.0140625 0.438889 0.0234375 0.0509259
1 0.0703125 0.405556 0.0234375 0.0509259
11 0.392708 0.252778 0.0234375 0.102778
1 0.608333 0.425926 0.0859375 0.147222
7 0.730729 0.237963 0.159896 0.452778
10 0.351042 0.261111 0.0703125 0.126852
11 0.55 0.243519 0.0578125 0.139815
6 0.14375 0.333333 0.0692708 0.137963
