3 0.521354 0.196296 0.0380208 0.37963
3 0.386458 0.156481 0.01875 0.087963
4 0.260417 0.248148 0.0125 0.0231481
9 0.185938 0.332407 0.0109375 0.0203704
9 0.16875 0.318519 0.0114583 0.0175926
11 0.379688 0.265741 0.0588542 0.141667
11 0.126562 0.32037 0.0359375 0.123148
6 0.278125 0.287963 0.0651042 0.143519
10 0.38125 0.257407 0.0578125 0.152778
1 0.197917 0.343519 0.0223958 0.0398148
11 0.31875 0.263889 0.0359375 0.108333
7 0.173437 0.230556 0.0557292 0.265741
1 0.296875 0.349074 0.0359375 0.0675926
2 0.490104 0.185185 0.230729 0.362963
