8 0.436979 0.251852 0.0322917 0.0490741
8 0.322917 0.27963 0.0338542 0.0518519
9 0.709896 0.29537 0.0166667 0.0268519
9 0.745313 0.27963 0.01875 0.0333333
2 0.582812 0.210185 0.293229 0.242593
3 0.720833 0.269444 0.0151042 0.113889
3 0.451562 0.205556 0.0260417 0.233333
6 0.990625 0.419444 0.0192708 0.241667
1 0.694792 0.297222 0.0203125 0.0398148
7 0.720313 0.177778 0.0942708 0.343519
11 0.944792 0.314815 0.0328125 0.119444
1 0.510938 0.325 0.0380208 0.0675926
10 0.89375 0.3 0.0796875 0.160185
7 0.369271 0.215741 0.230729 0.413889
1 0.425521 0.298148 0.0135417 0.0351852
