4 0.520833 0.149074 0.0338542 0.0518519
2 0.625 0.223148 0.386979 0.35
3 0.801562 0.225926 0.028125 0.332407
3 0.448958 0.207407 0.0328125 0.283333
8 0.336458 0.301852 0.025 0.0388889
8 0.373437 0.217593 0.0286458 0.037037
3 0.021875 0.340741 0.0276042 0.267593
9 0.776563 0.277778 0.0239583 0.037037
9 0.748958 0.262037 0.0276042 0.0324074
1 0.0302083 0.838889 0.0609375 0.269444
7 0.742188 0.205556 0.150521 0.386111
6 0.524479 0.268519 0.114062 0.199074
7 0.370833 0.2 0.135937 0.367593
1 0.606771 0.325926 0.0421875 0.0694444
1 0.470313 0.464815 0.101563 0.171296
