4 0.9375 0.135185 0.0505208 0.0944444
9 0.738021 0.284259 0.0546875 0.0805556
9 0.793229 0.317593 0.0432292 0.0722222
8 0.420312 0.226852 0.028125 0.0453704
8 0.357812 0.231481 0.0333333 0.0453704
2 0.0697917 0.302778 0.140625 0.396296
2 0.893229 0.231481 0.2125 0.434259
3 0.808333 0.228704 0.0385417 0.417593
3 0.11875 0.269444 0.03125 0.327778
7 0.777604 0.265741 0.184896 0.493519
1 0.248438 0.32963 0.0359375 0.0712963
6 0.913542 0.378704 0.172396 0.471296
7 0.395833 0.201852 0.151562 0.386111
