3 0.254167 0.253704 0.0161458 0.184259
2 0.160417 0.296296 0.207813 0.271296
3 0.075 0.22037 0.0130208 0.0583333
4 0.861979 0.177778 0.0348958 0.0777778
4 0.806771 0.101852 0.0265625 0.0851852
8 0.946354 0.371296 0.0286458 0.0435185
8 0.990625 0.384259 0.0182292 0.0611111
7 0.969792 0.307407 0.0609375 0.423148
1 0.21875 0.332407 0.0203125 0.0342593
1 0.505208 0.291667 0.0234375 0.0416667
1 0.230208 0.410185 0.0484375 0.100926
6 0.865625 0.323148 0.209896 0.491667
11 0.1 0.338889 0.0755208 0.247222
1 0.480208 0.277778 0.0145833 0.0268519
