9 0.930208 0.307407 0.0411458 0.087963
8 0.463542 0.250926 0.0182292 0.0351852
8 0.422396 0.281481 0.0239583 0.0351852
2 0.248958 0.267593 0.310937 0.376852
3 0.129167 0.252778 0.0296875 0.358333
3 0.391667 0.194444 0.0270833 0.212963
3 0.911979 0.237037 0.021875 0.17963
2 0.95 0.291667 0.0994792 0.30463
4 0.370312 0.143519 0.0223958 0.0564815
4 0.326562 0.197222 0.0166667 0.0435185
1 0.863542 0.318519 0.0130208 0.0212963
7 0.939063 0.327778 0.120313 0.428704
7 0.44375 0.181481 0.0994792 0.350926
6 0.336458 0.289815 0.144271 0.258333
11 0.833333 0.286111 0.0421875 0.176852
10 0.566146 0.246296 0.0651042 0.115741
1 0.477083 0.0157407 0.0354167 0.0305556
