9 0.154167 0.321296 0.01875 0.0333333
8 0.613542 0.259259 0.0479167 0.0583333
8 0.567187 0.291667 0.04375 0.0638889
2 0.505208 0.22037 0.272917 0.234259
3 0.382292 0.221296 0.0265625 0.233333
3 0.635938 0.212037 0.0135417 0.174074
1 0.370833 0.312037 0.0286458 0.0472222
6 0.534896 0.267593 0.0598958 0.137963
10 0.801562 0.280556 0.0755208 0.143519
11 0.9875 0.343519 0.0255208 0.175
11 0.852083 0.292593 0.0296875 0.113889
7 0.588021 0.239815 0.165104 0.45463
1 0.448437 0.309259 0.0296875 0.0509259
7 0.182292 0.252778 0.126562 0.35463
1 0.102604 0.532407 0.0734375 0.160185
