3 0.363542 0.183333 0.0244792 0.234259
3 0.756771 0.211111 0.0473958 0.422222
2 0.564583 0.212963 0.442708 0.418519
4 0.391667 0.138889 0.0380208 0.0574074
8 0.0578125 0.378704 0.0171875 0.0287037
8 0.0151042 0.413889 0.0177083 0.0324074
9 0.888542 0.425 0.0411458 0.0592593
9 0.933854 0.375 0.0338542 0.0759259
4 0.451042 0.184259 0.00677083 0.037963
1 0.233333 0.340741 0.0265625 0.0472222
7 0.906771 0.308333 0.178646 0.541667
7 0.0375 0.332407 0.0734375 0.273148
1 0.0510417 0.634259 0.0880208 0.208333
6 0.407813 0.280556 0.141146 0.24537
1 0.177083 0.338889 0.0161458 0.0259259
