3 0.529167 0.194444 0.0348958 0.387963
3 0.390625 0.15 0.021875 0.087037
2 0.467187 0.190741 0.172917 0.383333
4 0.261458 0.239815 0.00989583 0.0203704
9 0.216667 0.322222 0.0130208 0.0222222
9 0.173437 0.30463 0.0114583 0.0185185
1 0.160938 0.346296 0.0223958 0.0342593
10 0.384896 0.246296 0.0515625 0.158333
7 0.201042 0.225 0.0734375 0.273148
1 0.295833 0.344444 0.0359375 0.0694444
11 0.110417 0.316667 0.0453125 0.137963
6 0.283333 0.275 0.0625 0.141667
11 0.239583 0.266667 0.0484375 0.113889
