2 0.458333 0.227778 0.194271 0.180556
3 0.544271 0.223148 0.0192708 0.149074
3 0.376563 0.228704 0.0296875 0.186111
4 0.789583 0.212037 0.0192708 0.0361111
4 0.817708 0.246296 0.00729167 0.0240741
8 0.626563 0.248148 0.0239583 0.0324074
8 0.610417 0.25463 0.0161458 0.0287037
1 0.356771 0.298148 0.0203125 0.0361111
11 0.832292 0.275926 0.0380208 0.100926
1 0.530208 0.277778 0.0161458 0.0268519
11 0.7125 0.258333 0.0192708 0.0824074
1 0.472917 0.293519 0.0234375 0.0398148
7 0.30625 0.259259 0.148438 0.486111
7 0.623437 0.182407 0.0984375 0.352778
6 0.799479 0.291667 0.0848958 0.134259
10 0.681771 0.255556 0.0536458 0.0935185
1 0.461458 0.355556 0.0505208 0.0898148
