9 0.388021 0.281481 0.0161458 0.0259259
9 0.370312 0.3 0.0171875 0.025
4 0.65625 0.147222 0.0265625 0.0509259
4 0.708333 0.205556 0.00989583 0.0398148
2 0.221354 0.27963 0.234375 0.272222
3 0.117708 0.289815 0.0286458 0.240741
3 0.328646 0.238889 0.0197917 0.194444
8 0.0166667 0.383333 0.0270833 0.0555556
1 0.365104 0.182407 0.0255208 0.0472222
1 0.0973958 0.387963 0.0223958 0.0435185
7 0.0354167 0.393519 0.0703125 0.419444
7 0.374479 0.171296 0.0640625 0.328704
1 0.1875 0.377778 0.0328125 0.0638889
6 0.673958 0.280556 0.136979 0.226852
11 0.548438 0.246296 0.0296875 0.102778
1 0.311458 0.311111 0.0223958 0.0398148
10 0.498437 0.250926 0.0755208 0.132407
