4 0.188542 0.242593 0.0104167 0.0240741
4 0.203125 0.262963 0.00833333 0.0175926
2 0.460417 0.190741 0.181771 0.381481
3 0.526042 0.194444 0.0427083 0.384259
3 0.385417 0.212963 0.0213542 0.236111
9 0.398438 0.30463 0.0203125 0.0398148
9 0.371875 0.265741 0.021875 0.0425926
8 0.983854 0.344444 0.03125 0.113889
11 0.345833 0.24537 0.0203125 0.113889
7 0.107292 0.253704 0.214062 0.502778
1 0.129688 0.355556 0.0140625 0.0324074
7 0.964583 0.393519 0.0703125 0.550926
6 0.207813 0.287963 0.0609375 0.141667
7 0.409375 0.203704 0.146354 0.393519
11 0.110417 0.318519 0.0328125 0.125
10 0.285938 0.272222 0.0963542 0.193519
11 0.469792 0.25 0.119271 0.306481
