4 0.501563 0.158333 0.0197917 0.0398148
4 0.541667 0.198148 0.009375 0.0351852
2 0.907813 0.263889 0.183854 0.378704
3 0.832292 0.228704 0.021875 0.299074
9 0.910937 0.294444 0.0182292 0.0416667
9 0.846354 0.35463 0.028125 0.0444444
8 0.170313 0.305556 0.0177083 0.0324074
8 0.143229 0.337037 0.0203125 0.0287037
1 0.819792 0.333333 0.0203125 0.0361111
1 0.157292 0.125926 0.0380208 0.0564815
1 0.734375 0.301852 0.0203125 0.0361111
11 0.776563 0.269444 0.0723958 0.241667
7 0.156771 0.250926 0.0765625 0.310185
7 0.871875 0.242593 0.185938 0.39537
6 0.526042 0.267593 0.125521 0.186111
