4 0.818229 0.247222 0.0078125 0.0231481
4 0.790104 0.212037 0.0166667 0.0287037
8 0.0963542 0.278704 0.05625 0.0962963
8 0.0822917 0.363889 0.0442708 0.0657407
2 0.461979 0.227778 0.186458 0.187963
3 0.546354 0.224074 0.0140625 0.150926
3 0.384375 0.225 0.0229167 0.184259
1 0.853646 0.32037 0.0140625 0.025
11 0.83125 0.273148 0.0359375 0.0972222
1 0.53125 0.277778 0.0161458 0.0268519
1 0.356771 0.298148 0.0223958 0.0361111
11 0.713021 0.257407 0.0192708 0.0787037
1 0.473438 0.29537 0.0234375 0.0435185
6 0.799479 0.290741 0.0838542 0.137963
7 0.757292 0.193519 0.0515625 0.247222
10 0.681771 0.255556 0.0536458 0.0953704
7 0.117708 0.35 0.156771 0.510185
