4 0.468229 0.187037 0.0109375 0.0314815
4 0.4875 0.217593 0.00989583 0.0203704
2 0.843229 0.285185 0.290625 0.551852
2 0.0692708 0.317593 0.139063 0.342593
3 0.121875 0.292593 0.0286458 0.289815
3 0.722917 0.218519 0.0265625 0.294444
3 0.938542 0.294444 0.0635417 0.532407
8 0.342708 0.261111 0.0291667 0.0398148
8 0.304688 0.265741 0.03125 0.0416667
1 0.388542 0.300926 0.0192708 0.0342593
11 0.36875 0.25463 0.0484375 0.14537
1 0.907292 0.437963 0.0567708 0.115741
6 0.485938 0.260185 0.0723958 0.132407
10 0.595313 0.257407 0.150521 0.263889
7 0.3375 0.213889 0.128646 0.391667
