8 0.585417 0.257407 0.028125 0.037963
8 0.625521 0.248148 0.0265625 0.037037
4 0.789583 0.211111 0.0182292 0.0342593
4 0.817708 0.246296 0.00729167 0.0259259
2 0.457813 0.225 0.195313 0.171296
3 0.546354 0.222222 0.0177083 0.155556
11 0.832292 0.275926 0.0380208 0.100926
1 0.53125 0.272222 0.0171875 0.0342593
11 0.7125 0.257407 0.0192708 0.0805556
7 0.406771 0.225 0.126562 0.410185
1 0.473958 0.29537 0.0234375 0.0435185
1 0.530208 0.325926 0.0380208 0.0675926
6 0.799479 0.290741 0.0848958 0.136111
10 0.68125 0.255556 0.0515625 0.0935185
7 0.604688 0.189815 0.104688 0.360185
