4 0.534375 0.138889 0.0317708 0.05
8 0.175521 0.321296 0.0140625 0.0231481
8 0.192708 0.326852 0.0130208 0.0268519
9 0.960938 0.312037 0.0145833 0.0333333
9 0.995833 0.334259 0.0078125 0.0453704
2 0.6375 0.217593 0.416146 0.368519
3 0.830208 0.224074 0.0348958 0.353704
3 0.452604 0.198148 0.0317708 0.287037
7 0.179688 0.218519 0.0536458 0.293519
1 0.021875 0.894444 0.0421875 0.182407
1 0.663021 0.323148 0.0401042 0.0675926
7 0.944792 0.293519 0.107813 0.380556
6 0.534375 0.275 0.125521 0.228704
1 0.551042 0.815741 0.279687 0.365741
1 0.154167 0.152778 0.0171875 0.0314815
