3 0.391667 0.140741 0.0182292 0.0787037
3 0.526042 0.194444 0.025 0.387963
2 0.460417 0.199074 0.171875 0.399074
9 0.264062 0.272222 0.0161458 0.0194444
4 0.208333 0.230556 0.0140625 0.0277778
4 0.231771 0.252778 0.00833333 0.0203704
11 0.380208 0.258333 0.0453125 0.156481
1 0.133333 0.350926 0.0140625 0.0361111
11 0.109375 0.313889 0.0515625 0.147222
10 0.379167 0.253704 0.0442708 0.160185
7 0.274479 0.193519 0.0661458 0.273148
6 0.214583 0.294444 0.0630208 0.123148
11 0.459375 0.244444 0.117188 0.289815
