4 0.3625 0.165741 0.0260417 0.0435185
2 0.438021 0.212963 0.368229 0.310185
3 0.604688 0.201852 0.0270833 0.294444
3 0.267708 0.233333 0.0286458 0.273148
8 0.185938 0.337963 0.0234375 0.037963
8 0.21875 0.248148 0.0244792 0.0388889
9 0.515625 0.248148 0.0291667 0.037963
7 0.516146 0.187963 0.104688 0.360185
1 0.433333 0.322222 0.0369792 0.0638889
1 0.448437 0.468519 0.104688 0.180556
7 0.216667 0.235185 0.121354 0.376852
6 0.360938 0.284259 0.107813 0.193519
1 0.358333 0.868519 0.291146 0.243519
