8 0.009375 0.35463 0.0192708 0.0388889
8 0.04375 0.332407 0.0223958 0.0398148
9 0.634896 0.255556 0.0489583 0.0722222
9 0.588021 0.322222 0.0588542 0.0916667
4 0.189062 0.142593 0.0333333 0.0759259
4 0.254167 0.196296 0.015625 0.0592593
2 0.453646 0.225 0.574479 0.45
3 0.711458 0.225926 0.0557292 0.453704
3 0.181771 0.212963 0.0307292 0.311111
1 0.496354 0.969444 0.229687 0.0601852
7 0.598958 0.259259 0.178646 0.500926
7 0.0338542 0.337963 0.0682292 0.362037
6 0.224479 0.330556 0.182812 0.34537
