3 0.0604167 0.319444 0.0255208 0.248148
3 0.235937 0.259259 0.0213542 0.188889
2 0.143229 0.307407 0.201042 0.281481
4 0.551562 0.167593 0.0229167 0.0398148
4 0.590104 0.20463 0.00572917 0.0287037
9 0.14375 0.357407 0.0505208 0.087037
9 0.109896 0.403704 0.0229167 0.0592593
3 0.933333 0.268519 0.0317708 0.415741
1 0.218229 0.32963 0.0223958 0.0398148
7 0.166667 0.358333 0.153646 0.423148
1 0.0411458 0.418519 0.0223958 0.0435185
1 0.326042 0.322222 0.0265625 0.0490741
6 0.558333 0.260185 0.109896 0.180556
10 0.388542 0.256481 0.0630208 0.121296
11 0.420833 0.249074 0.0104167 0.0796296
2 0.961979 0.282407 0.0760417 0.373148
