8 0.0473958 0.375926 0.0151042 0.0212963
8 0.0734375 0.355556 0.015625 0.0287037
9 0.93125 0.322222 0.0255208 0.0462963
9 0.980208 0.328704 0.0286458 0.0694444
2 0.553125 0.20463 0.474479 0.409259
3 0.765625 0.206481 0.0458333 0.405556
3 0.332292 0.212037 0.028125 0.326852
4 0.413542 0.124074 0.0385417 0.0648148
1 0.5375 0.330556 0.0421875 0.075
6 0.421875 0.281481 0.145313 0.269444
7 0.917708 0.281481 0.164063 0.450926
1 0.0807292 0.752778 0.160938 0.358333
7 0.0625 0.332407 0.0567708 0.193519
