9 0.254688 0.289815 0.0286458 0.0601852
9 0.181771 0.401852 0.0328125 0.0555556
2 0.161458 0.300926 0.323958 0.439815
3 0.308333 0.227778 0.0260417 0.294444
3 0.916667 0.247222 0.0328125 0.319444
2 0.946875 0.25 0.105729 0.357407
8 0.867708 0.278704 0.03125 0.0518519
8 0.888542 0.25463 0.0328125 0.0481481
4 0.980729 0.17037 0.0375 0.087963
1 0.173437 0.398148 0.0348958 0.0638889
6 0.65625 0.24537 0.0453125 0.119444
6 0.951562 0.393519 0.0973958 0.375
7 0.875 0.260185 0.113021 0.419444
7 0.220312 0.25463 0.148438 0.410185
