3 0.528125 0.194444 0.0395833 0.387963
3 0.385417 0.212963 0.0307292 0.236111
2 0.461458 0.202778 0.188021 0.40463
9 0.359375 0.298148 0.0203125 0.0333333
8 0.919271 0.291667 0.053125 0.087037
8 0.896354 0.319444 0.025 0.0731481
4 0.204167 0.260185 0.00833333 0.0157407
4 0.188542 0.243519 0.0130208 0.0231481
1 0.129688 0.35463 0.0140625 0.0342593
6 0.207292 0.289815 0.0640625 0.136111
7 0.910417 0.330556 0.132813 0.556481
11 0.105729 0.321296 0.0453125 0.132407
7 0.323437 0.187037 0.102604 0.328704
10 0.2875 0.253704 0.0984375 0.193519
11 0.470833 0.248148 0.110937 0.286111
