3 0.366667 0.228704 0.0182292 0.180556
3 0.532813 0.225 0.0151042 0.156481
2 0.444792 0.228704 0.190104 0.180556
4 0.779167 0.211111 0.0177083 0.0314815
4 0.807292 0.24537 0.00833333 0.0240741
8 0.00885417 0.361111 0.01875 0.062037
11 0.820833 0.281481 0.0328125 0.110185
7 0.0223958 0.382407 0.0453125 0.375
11 0.698438 0.255556 0.0203125 0.0787037
1 0.339583 0.301852 0.0234375 0.0361111
1 0.514062 0.280556 0.0192708 0.0287037
7 0.79375 0.166667 0.0390625 0.126852
6 0.788021 0.292593 0.0848958 0.134259
10 0.666667 0.255556 0.0515625 0.0972222
1 0.456771 0.298148 0.0234375 0.0435185
