8 0.394271 0.238889 0.034375 0.0555556
8 0.356771 0.27037 0.0317708 0.0435185
2 0.872396 0.284259 0.24375 0.511111
3 0.763542 0.218519 0.0302083 0.280556
3 0.959375 0.287963 0.0541667 0.494444
4 0.515625 0.184259 0.0119792 0.0324074
4 0.534896 0.211111 0.0114583 0.0203704
1 0.435937 0.291667 0.0182292 0.0361111
1 0.927083 0.434259 0.0546875 0.106481
6 0.535417 0.251852 0.0734375 0.137963
11 0.164583 0.488889 0.329688 0.90463
10 0.641667 0.252778 0.145313 0.24537
7 0.380208 0.208333 0.121354 0.412037
11 0.417708 0.232407 0.025 0.102778
