9 0.949479 0.364815 0.0390625 0.0777778
9 0.902604 0.430556 0.0390625 0.062963
8 0.0270833 0.406481 0.015625 0.0324074
8 0.0078125 0.413889 0.0130208 0.0259259
2 0.583854 0.212963 0.448437 0.413889
3 0.778125 0.211111 0.04375 0.414815
3 0.378646 0.182407 0.0234375 0.243519
4 0.401042 0.137963 0.0354167 0.0518519
4 0.458333 0.183333 0.00729167 0.0435185
7 0.0213542 0.339815 0.0432292 0.273148
1 0.247396 0.336111 0.0265625 0.0490741
7 0.91875 0.32037 0.163021 0.539815
1 0.0598958 0.62963 0.0859375 0.215741
6 0.415625 0.276852 0.139063 0.241667
1 0.190104 0.333333 0.0135417 0.0333333
