4 0.209375 0.257407 0.00833333 0.0148148
4 0.19375 0.240741 0.0140625 0.0277778
9 0.335417 0.301852 0.0171875 0.0240741
9 0.290104 0.267593 0.015625 0.0203704
8 0.986458 0.319444 0.0265625 0.111111
2 0.465625 0.194444 0.171875 0.385185
3 0.393229 0.139815 0.0270833 0.075
3 0.533333 0.190741 0.0442708 0.374074
11 0.318229 0.252778 0.0286458 0.0824074
1 0.133854 0.35 0.0140625 0.0324074
10 0.383333 0.246296 0.0494792 0.165741
11 0.110417 0.318519 0.0536458 0.141667
7 0.928125 0.4 0.142187 0.569444
6 0.210417 0.294444 0.0671875 0.123148
11 0.475521 0.247222 0.114062 0.284259
7 0.329167 0.180556 0.117188 0.334259
