8 0.39375 0.287963 0.0239583 0.0342593
8 0.432292 0.214815 0.01875 0.0342593
9 0.803125 0.275926 0.0223958 0.0416667
9 0.754687 0.258333 0.0270833 0.037963
2 0.651563 0.225 0.368229 0.316667
3 0.817187 0.228704 0.0291667 0.292593
3 0.482812 0.205556 0.0208333 0.268519
4 0.578646 0.156481 0.0255208 0.0435185
11 0.252083 0.255556 0.0192708 0.0601852
1 0.651042 0.321296 0.0380208 0.0657407
7 0.782292 0.2 0.119271 0.367593
7 0.426042 0.199074 0.122396 0.349074
1 0.609375 0.468519 0.104688 0.180556
6 0.576562 0.265741 0.107813 0.186111
11 0.078125 0.460185 0.156771 0.719444
1 0.360417 0.812037 0.250521 0.350926
