9 0.202604 0.269444 0.0135417 0.0222222
9 0.235417 0.316667 0.0104167 0.0194444
4 0.2625 0.239815 0.0130208 0.0259259
3 0.528125 0.193519 0.0333333 0.385185
3 0.391146 0.142593 0.0177083 0.0657407
11 0.317188 0.255556 0.0380208 0.100926
10 0.384375 0.246296 0.0567708 0.158333
11 0.108333 0.318519 0.0473958 0.130556
1 0.197396 0.339815 0.0213542 0.0361111
1 0.295833 0.344444 0.0359375 0.0675926
7 0.240625 0.211111 0.0880208 0.273148
2 0.491146 0.183333 0.243229 0.359259
6 0.273958 0.285185 0.0557292 0.125
