8 0.30625 0.301852 0.0213542 0.0333333
8 0.339062 0.302778 0.021875 0.0324074
4 0.741667 0.0888889 0.046875 0.0814815
4 0.828125 0.183333 0.0130208 0.0694444
9 0.881771 0.401852 0.0291667 0.0638889
2 0.574479 0.187037 0.447917 0.371296
3 0.772917 0.128704 0.0359375 0.234259
3 0.369792 0.201852 0.0328125 0.309259
7 0.322396 0.188889 0.0828125 0.356481
1 0.239063 0.337963 0.0265625 0.0509259
7 0.860417 0.256481 0.128646 0.458333
1 0.0390625 0.649074 0.0791667 0.219444
6 0.760417 0.325926 0.209896 0.408333
1 0.184375 0.335185 0.0161458 0.0333333
