4 0.488542 0.217593 0.0145833 0.0277778
4 0.466146 0.189815 0.0125 0.0351852
2 0.867708 0.276852 0.264062 0.494444
2 0.0479167 0.316667 0.096875 0.359259
3 0.0791667 0.29537 0.0265625 0.313889
3 0.757292 0.227778 0.0239583 0.330556
8 0.213021 0.289815 0.0223958 0.0388889
8 0.230208 0.271296 0.0151042 0.037037
1 0.376563 0.312963 0.0203125 0.0435185
11 0.346875 0.266667 0.0755208 0.158333
6 0.492708 0.25463 0.0953125 0.180556
7 0.220833 0.230556 0.0994792 0.373148
10 0.635938 0.268519 0.191146 0.328704
