8 0.0208333 0.371296 0.0182292 0.0324074
8 0.0369792 0.359259 0.0125 0.0314815
4 0.25625 0.202778 0.0114583 0.0351852
4 0.278125 0.231481 0.0125 0.0277778
2 0.757292 0.301852 0.433333 0.584259
3 0.940625 0.318519 0.0541667 0.540741
3 0.559375 0.185185 0.0322917 0.334259
1 0.173437 0.352778 0.0182292 0.0435185
7 0.0354167 0.323148 0.0703125 0.308333
6 0.285938 0.268519 0.0953125 0.197222
11 0.142187 0.310185 0.0671875 0.180556
1 0.884896 0.45463 0.0723958 0.130556
10 0.441667 0.255556 0.206771 0.365741
