4 0.789063 0.211111 0.0171875 0.0342593
4 0.81875 0.246296 0.00677083 0.0259259
8 0.601563 0.242593 0.0416667 0.0537037
8 0.536979 0.264815 0.0401042 0.0444444
2 0.444271 0.225926 0.170833 0.175926
3 0.378646 0.225926 0.0229167 0.181481
11 0.83125 0.275926 0.0359375 0.102778
1 0.356771 0.298148 0.0213542 0.0342593
11 0.7125 0.258333 0.0192708 0.0824074
1 0.473958 0.29537 0.0234375 0.0435185
7 0.575521 0.237963 0.154688 0.425
10 0.68125 0.255556 0.0515625 0.0935185
6 0.798958 0.289815 0.0859375 0.136111
