9 0.570313 0.214815 0.0453125 0.0703704
9 0.502083 0.302778 0.0411458 0.0675926
8 0.150521 0.266667 0.0270833 0.0601852
8 0.0895833 0.287037 0.0291667 0.05
4 0.322396 0.118519 0.0395833 0.0759259
2 0.485938 0.208333 0.515625 0.409259
3 0.720313 0.203704 0.0375 0.406481
3 0.246875 0.218519 0.0333333 0.34537
11 0.144271 0.333333 0.0442708 0.108333
7 0.541146 0.226852 0.201563 0.415741
1 0.442188 0.361111 0.0578125 0.102778
6 0.327083 0.283333 0.163021 0.339815
7 0.128125 0.281481 0.128646 0.406481
