4 0.141146 0.257407 0.0177083 0.0416667
4 0.165104 0.20463 0.0104167 0.0592593
2 0.0604167 0.339815 0.121875 0.343519
2 0.629687 0.217593 0.18125 0.312037
3 0.554688 0.214815 0.0208333 0.208333
3 0.702083 0.224074 0.0260417 0.287963
3 0.109896 0.257407 0.03125 0.193519
1 0.226563 0.15 0.0307292 0.0472222
10 0.244792 0.280556 0.0421875 0.087963
7 0.227083 0.207407 0.0671875 0.312037
11 0.484375 0.247222 0.0359375 0.143519
6 0.130208 0.361111 0.107813 0.243519
7 0.719792 0.261111 0.300521 0.486111
8 0.205729 0.315741 0.0140625 0.0305556
8 0.233333 0.287963 0.0119792 0.0259259
9 0.785417 0.260185 0.0427083 0.0861111
9 0.653125 0.411111 0.0432292 0.0824074
