3 0.38125 0.225926 0.0244792 0.187037
2 0.433333 0.225926 0.151562 0.182407
8 0.561458 0.244444 0.0395833 0.0564815
8 0.640104 0.259259 0.0338542 0.0518519
4 0.789583 0.212037 0.0177083 0.0361111
4 0.818229 0.246296 0.0078125 0.0240741
11 0.83125 0.275926 0.0380208 0.100926
1 0.356771 0.298148 0.0223958 0.0361111
11 0.7125 0.257407 0.0192708 0.0824074
1 0.597917 0.30463 0.0265625 0.0509259
1 0.473438 0.29537 0.0234375 0.0435185
7 0.588021 0.221296 0.172396 0.413889
10 0.682292 0.255556 0.0546875 0.0935185
6 0.798438 0.290741 0.0859375 0.136111
