3 0.691667 0.185185 0.0453125 0.333333
3 0.315104 0.216667 0.0322917 0.284259
2 0.50625 0.194444 0.418229 0.341667
4 0.390625 0.14537 0.0296875 0.05
8 0.188021 0.340741 0.0239583 0.037037
8 0.136458 0.352778 0.0203125 0.0361111
9 0.710417 0.244444 0.0302083 0.0462963
9 0.74375 0.262037 0.0359375 0.0601852
1 0.978125 0.819444 0.0442708 0.167593
6 0.395833 0.275926 0.121354 0.221296
1 0.5875 0.319444 0.0390625 0.0712963
7 0.725 0.215741 0.114062 0.406481
1 0.527083 0.437037 0.0994792 0.15463
7 0.167708 0.250926 0.101563 0.367593
