3 0.75625 0.225926 0.0270833 0.311111
2 0.869792 0.250926 0.259375 0.371296
8 0.852604 0.32037 0.0348958 0.0481481
8 0.891667 0.331481 0.0255208 0.0407407
9 0.393229 0.275 0.0328125 0.0398148
9 0.346354 0.275926 0.0265625 0.0416667
4 0.9625 0.234259 0.0239583 0.0481481
1 0.0078125 0.463889 0.0161458 0.0712963
7 0.880208 0.240741 0.104688 0.371296
1 0.734375 0.342593 0.0380208 0.0694444
1 0.203125 0.72037 0.161979 0.302778
7 0.396875 0.211111 0.173437 0.408333
6 0.954167 0.364815 0.0921875 0.230556
