4 0.0807292 0.273148 0.0119792 0.0333333
4 0.107292 0.212963 0.0161458 0.0490741
9 0.70625 0.353704 0.0395833 0.0518519
9 0.65 0.262963 0.0380208 0.0490741
8 0.171354 0.314815 0.015625 0.0259259
8 0.203125 0.290741 0.0161458 0.0212963
2 0.645833 0.196296 0.1875 0.32963
3 0.566146 0.2 0.0213542 0.22037
1 0.207292 0.103704 0.0307292 0.0564815
1 0.508854 0.25463 0.0130208 0.025
7 0.673958 0.227778 0.175521 0.365741
7 0.186458 0.22037 0.0828125 0.310185
6 0.0828125 0.372222 0.114062 0.265741
10 0.238021 0.27037 0.0578125 0.119444
11 0.484375 0.233333 0.0421875 0.158333
