8 0.108333 0.283333 0.0291667 0.0435185
8 0.166146 0.272222 0.0223958 0.037963
2 0.453125 0.192593 0.451042 0.380556
3 0.664583 0.196296 0.0421875 0.383333
3 0.244792 0.226852 0.0296875 0.324074
4 0.318229 0.138889 0.0369792 0.0555556
9 0.744271 0.334259 0.0572917 0.0972222
9 0.698958 0.226852 0.0239583 0.062037
1 0.426563 0.348148 0.0505208 0.0861111
6 0.326562 0.294444 0.141146 0.258333
7 0.727083 0.282407 0.134896 0.537963
7 0.141146 0.274074 0.116146 0.415741
1 0.482812 0.835185 0.288021 0.319444
