9 0.224479 0.292593 0.0119792 0.0166667
4 0.267188 0.238889 0.0104167 0.0240741
4 0.245833 0.213889 0.009375 0.0259259
2 0.468229 0.193519 0.180729 0.386111
3 0.526563 0.187037 0.0286458 0.372222
3 0.390625 0.146296 0.0208333 0.0777778
10 0.391667 0.24537 0.0442708 0.169444
1 0.133333 0.350926 0.0140625 0.0342593
11 0.389583 0.251852 0.0390625 0.169444
11 0.109896 0.316667 0.0515625 0.141667
7 0.24375 0.182407 0.0505208 0.186111
6 0.246875 0.288889 0.0598958 0.143519
11 0.327083 0.266667 0.104688 0.302778
