3 0.609896 0.194444 0.0364583 0.29537
3 0.267708 0.225 0.0291667 0.280556
2 0.438021 0.208333 0.373437 0.322222
4 0.365104 0.156481 0.0265625 0.0388889
8 0.232813 0.241667 0.0213542 0.0425926
9 0.188542 0.338889 0.0541667 0.0962963
9 0.0901042 0.321296 0.0432292 0.0898148
1 0.439583 0.313889 0.0348958 0.0601852
1 0.482292 0.455556 0.104688 0.180556
6 0.363021 0.273148 0.110937 0.200926
1 0.492708 0.882407 0.326562 0.228704
7 0.133333 0.367593 0.207292 0.638889
7 0.238542 0.223148 0.0526042 0.336111
11 0.025 0.722222 0.0505208 0.330556
