3 0.891146 0.253704 0.0364583 0.278704
3 0.567708 0.137963 0.0276042 0.175
4 0.557292 0.133333 0.03125 0.0555556
2 0.730729 0.222222 0.351042 0.341667
8 0.249479 0.267593 0.0239583 0.0314815
8 0.2125 0.258333 0.0265625 0.0407407
11 0.170313 0.25463 0.0473958 0.117593
7 0.0208333 0.362037 0.0421875 0.310185
1 0.369792 0.3 0.0203125 0.0435185
1 0.492188 0.216667 0.0828125 0.139815
10 0.673958 0.24537 0.107813 0.189815
11 0.399479 0.249074 0.0484375 0.217593
11 0.0807292 0.341667 0.0734375 0.239815
7 0.239063 0.22037 0.109896 0.371296
6 0.558333 0.275926 0.130729 0.243519
9 0.0208333 0.425926 0.01875 0.0472222
