9 0.5 0.235185 0.0328125 0.0453704
9 0.432812 0.248148 0.0348958 0.0574074
8 0.228646 0.242593 0.0177083 0.0398148
8 0.184375 0.321296 0.0260417 0.0416667
4 0.366667 0.155556 0.0265625 0.0444444
2 0.436458 0.20463 0.371875 0.312037
3 0.605208 0.197222 0.03125 0.291667
3 0.266667 0.223148 0.0317708 0.275
0 0.0390625 0.732407 0.0765625 0.506481
7 0.45625 0.246296 0.152604 0.430556
1 0.479167 0.457407 0.0984375 0.173148
6 0.360938 0.275 0.107813 0.197222
7 0.211979 0.237963 0.114062 0.363889
1 0.486458 0.882407 0.326562 0.225
