4 0.576042 0.181481 0.00677083 0.0416667
4 0.515104 0.125926 0.0385417 0.0555556
2 0.7 0.237037 0.449479 0.475926
2 0.0401042 0.330556 0.0807292 0.290741
3 0.0645833 0.317593 0.0276042 0.246296
3 0.490104 0.164815 0.0328125 0.25463
3 0.897396 0.239815 0.0552083 0.459259
8 0.120833 0.35 0.0192708 0.0314815
7 0.121875 0.262037 0.0651042 0.328704
1 0.353125 0.317593 0.0265625 0.0509259
6 0.530208 0.277778 0.151562 0.252778
1 0.105208 0.630556 0.101563 0.232407
1 0.294271 0.305556 0.0171875 0.0277778
