8 0.260417 0.32037 0.0276042 0.0351852
8 0.316146 0.274074 0.0291667 0.0444444
9 0.866146 0.321296 0.01875 0.037037
9 0.921354 0.35 0.03125 0.0472222
2 0.145833 0.297222 0.292708 0.44537
2 0.957812 0.291667 0.0838542 0.318519
3 0.932813 0.272222 0.0265625 0.292593
3 0.28125 0.249074 0.0208333 0.257407
4 0.167708 0.136111 0.0380208 0.0888889
4 0.102083 0.237963 0.0213542 0.0583333
11 0.834375 0.259259 0.0484375 0.176852
1 0.847917 0.385185 0.0421875 0.0842593
7 0.896875 0.262963 0.0942708 0.384259
1 0.81875 0.368519 0.0348958 0.0675926
7 0.289583 0.217593 0.128646 0.408333
6 0.147917 0.373148 0.188021 0.393519
10 0.496875 0.249074 0.0796875 0.143519
