3 0.0927083 0.285185 0.0390625 0.381481
3 0.967708 0.282407 0.0364583 0.385185
3 0.320833 0.205556 0.028125 0.199074
3 0.833333 0.243519 0.0119792 0.225
2 0.904167 0.286111 0.170313 0.407407
2 0.206771 0.285185 0.268229 0.390741
4 0.285938 0.208333 0.0177083 0.037037
4 0.320313 0.156481 0.0166667 0.0472222
8 0.407813 0.250926 0.0213542 0.0314815
9 0.930729 0.340741 0.0286458 0.0444444
9 0.825 0.277778 0.0390625 0.0648148
1 0.419792 0.0527778 0.0328125 0.0564815
7 0.891667 0.277778 0.210938 0.408333
7 0.4 0.175926 0.0880208 0.334259
11 0.751042 0.265741 0.0453125 0.167593
6 0.288021 0.296296 0.134896 0.25463
10 0.489063 0.24537 0.0640625 0.108333
8 0.39375 0.283333 0.00729167 0.0305556
