9 0.185417 0.341667 0.0119792 0.0333333
9 0.204687 0.353704 0.0260417 0.0518519
4 0.527604 0.165741 0.0208333 0.0425926
4 0.56875 0.201852 0.0046875 0.0324074
2 0.096875 0.314815 0.155208 0.275
3 0.0380208 0.32963 0.0229167 0.242593
3 0.929167 0.269444 0.03125 0.419444
11 0.401042 0.250926 0.0130208 0.0935185
1 0.01875 0.42963 0.0203125 0.0398148
7 0.214583 0.257407 0.114062 0.425
1 0.124479 0.393519 0.0296875 0.0601852
1 0.298438 0.326852 0.0286458 0.0509259
6 0.535937 0.260185 0.111979 0.184259
10 0.366146 0.258333 0.0671875 0.123148
2 0.956771 0.282407 0.0864583 0.391667
