8 0.141667 0.291667 0.0354167 0.0648148
8 0.105729 0.319444 0.0276042 0.05
2 0.679688 0.212037 0.366146 0.331481
4 0.507292 0.126852 0.0333333 0.0509259
3 0.847396 0.234259 0.0307292 0.280556
3 0.511458 0.130556 0.021875 0.173148
11 0.164583 0.302778 0.0296875 0.147222
10 0.623437 0.241667 0.110937 0.184259
11 0.341146 0.261111 0.0484375 0.226852
7 0.118229 0.325926 0.132813 0.499074
11 0.0213542 0.380556 0.0432292 0.280556
1 0.672917 0.425926 0.0880208 0.14537
6 0.508854 0.276852 0.133854 0.247222
