3 0.288542 0.201852 0.0296875 0.344444
3 0.154688 0.205556 0.0244792 0.087963
4 0.0536458 0.317593 0.0119792 0.0203704
8 0.470313 0.267593 0.0791667 0.147222
8 0.350521 0.24537 0.0744792 0.110185
6 0.0703125 0.349074 0.0609375 0.171296
11 0.154167 0.311111 0.0505208 0.152778
10 0.153646 0.305556 0.0505208 0.163889
1 0.00520833 0.42963 0.00989583 0.0435185
11 0.0958333 0.32037 0.0317708 0.106481
1 0.0916667 0.412963 0.0296875 0.0638889
7 0.425521 0.325 0.379688 0.628704
2 0.247917 0.199074 0.220312 0.327778
