4 0.488021 0.176852 0.0182292 0.0388889
4 0.534896 0.122222 0.0260417 0.0657407
2 0.413021 0.207407 0.344271 0.396296
3 0.563542 0.182407 0.0276042 0.216667
3 0.277604 0.205556 0.0385417 0.384259
8 0.629167 0.253704 0.0244792 0.0305556
8 0.59375 0.278704 0.0286458 0.037963
11 0.990625 0.332407 0.0192708 0.228704
1 0.01875 0.443519 0.0317708 0.0601852
7 0.615104 0.185185 0.107813 0.360185
6 0.498437 0.273148 0.155729 0.263889
10 0.748437 0.261111 0.0682292 0.126852
1 0.640625 0.0157407 0.0354167 0.0305556
