3 0.264583 0.226852 0.03125 0.301852
3 0.904687 0.268519 0.0359375 0.286111
2 0.941146 0.275 0.116667 0.362037
2 0.141146 0.297222 0.283333 0.45463
4 0.182292 0.141667 0.0307292 0.0703704
4 0.124479 0.230556 0.0161458 0.0481481
8 0.324479 0.275926 0.0244792 0.0435185
8 0.288021 0.316667 0.0286458 0.0490741
0 0.878125 0.307407 0.0359375 0.075
10 0.472917 0.243519 0.0505208 0.130556
1 0.503125 0.257407 0.0640625 0.113889
7 0.305729 0.209259 0.121354 0.375
11 0.8125 0.275926 0.0515625 0.215741
6 0.166667 0.355556 0.179688 0.369444
