3 0.385417 0.225926 0.0208333 0.181481
3 0.547396 0.223148 0.0182292 0.156481
2 0.459375 0.225926 0.200521 0.182407
8 0.483854 0.25463 0.05 0.0675926
4 0.789583 0.211111 0.0182292 0.0324074
4 0.817708 0.244444 0.009375 0.0277778
11 0.83125 0.275 0.0359375 0.102778
1 0.532813 0.273148 0.0171875 0.0342593
7 0.492188 0.317593 0.138021 0.315741
1 0.356771 0.297222 0.0234375 0.0361111
10 0.68125 0.255556 0.0526042 0.0935185
1 0.722917 0.292593 0.0171875 0.0287037
6 0.798958 0.289815 0.0848958 0.137963
7 0.607292 0.162963 0.0734375 0.317593
